CP1583,1300102937,CC,1235044698,01/01/2020,,890203,10,15,,,,,1,10625,3200,13825
CP1594,1300102937,CC,1047490895,14/12/2019,,230102,10,15,,,,,1,19206,12700,31906
CP1582,1300102937,CC,33148058,01/03/2020,,890203,10,15,,,,,1,10625,12700,23325
CP1591,1300102937,RC,1142936743,02/12/2019,,890204,10,15,,,,,1,15637,33500,49137
CP1589,1300102937,CC,1047508262,04/03/2020,,232102,10,15,,,,,1,15556,3200,18756
CP1595,1300102937,CC,1048435093,15/01/2020,,997301,10,15,,,,,1,13675,3200,16875
CP1595,1300102937,CC,1048435093,15/01/2020,,997301,10,15,,,,,1,13675,3200,16875
CP1596,1300102937,CC,1048435093,18/02/2020,,232102,10,15,,,,,1,15556,3200,18756
CP1586,1300102937,CC,45536050,09/01/2020,,890203,10,15,,,,,1,10625,12700,23325
CP1581,1300102937,CC,73190927,01/02/2020,,890203,10,15,,,,,1,10625,12700,23325
CP1587,1300102937,CC,1047487814,18/02/2020,,890203,10,15,,,,,1,10625,12700,23325
CP1584,1300102937,CC,1128062794,18/01/2020,,890204,10,15,,,,,1,15637,12700,28337
CP1585,1300102937,CC,9146767,01/12/2019,,890204,10,15,,,,,1,15637,33500,49137
CP1593,1300102937,CC,1003288520,05/03/2020,,232102,10,15,,,,,1,15556,3200,18756
CP1590,1300102937,CC,45765620,NaN/NaN/NaN,,997301,10,15,,,,,1,13675,12700,26375
CP1580,1300102937,CC,1051891254,01/02/2020,,890203,10,15,,,,,1,10625,3200,13825
CP1592,1300102937,CC,73578642,18/12/2019,,890204,10,15,,,,,1,15637,3200,18837
CP1588,1300102937,CC,1047487814,21/02/2020,,890204,10,15,,,,,1,15637,3200,18837
